1 8 17 25 
2 9 17 26 
3 8 16 23 
4 2 3 5 
5 9 19 28 
6 4 7 11 
7 9 17 26 
8 9 19 28 
9 5 10 15 
10 2 4 7 
11 6 13 19 
12 3 6 8 
13 9 18 27 
14 6 12 18 
15 6 13 19 
16 3 5 8 
17 4 8 12 
18 3 5 8 
19 7 15 22 
20 4 7 11 
21 1 2 4 
22 7 14 21 
23 7 14 20 
24 3 6 9 
25 8 17 25 
26 3 6 9 
27 6 13 19 
28 2 5 7 
29 7 14 20 
30 4 7 11 
31 3 6 9 
32 0 1 1 
33 2 5 7 
34 6 12 18 
35 7 14 21 
36 7 14 20 
37 9 19 28 
38 6 11 17 
39 1 2 4 
40 4 9 13 
41 3 6 9 
42 7 15 22 
43 2 4 7 
44 2 4 6 
45 9 17 26 
46 4 8 11 
47 10 20 30 
48 3 5 8 
49 2 3 5 
50 7 14 21 
51 1 3 4 
52 3 5 8 
53 9 18 28 
54 8 16 24 
55 6 11 17 
56 7 15 22 
57 6 13 19 
58 7 14 21 
59 10 19 29 
60 8 16 25 
61 1 1 2 
62 3 5 8 
63 9 17 26 
64 3 6 8 
65 4 7 11 
66 1 1 2 
67 5 9 14 
68 3 6 9 
69 1 3 4 
70 6 12 17 
71 3 5 8 
72 10 19 29 
73 8 17 25 
74 5 9 14 
75 2 3 5 
76 7 14 20 
77 4 7 11 
78 7 13 20 
79 4 9 13 
80 5 10 15 
81 9 18 26 
82 1 2 3 
83 8 15 23 
84 8 16 24 
85 9 18 27 
86 9 17 26 
87 0 1 1 
88 5 10 16 
89 6 11 17 
90 10 20 30 
91 3 7 10 
92 6 12 18 
93 8 15 23 
94 7 14 21 
95 4 8 12 
96 1 3 4 
97 3 5 8 
98 9 17 26 
99 10 19 29 
100 4 8 12 
101 10 19 29 
102 7 14 21 
103 4 7 11 
104 8 16 24 
105 7 14 20 
106 0 0 1 
107 10 20 29 
108 0 1 1 
109 2 4 5 
110 9 19 28 
111 5 11 16 
112 6 11 17 
113 0 0 1 
114 8 16 24 
115 9 17 26 
116 4 8 13 
117 7 13 20 
118 9 18 27 
119 5 9 14 
120 2 4 6 
121 4 8 12 
1 1 4 0 0 
2 1 6 0 0 
3 1 8 0 0 
4 1 11 0 0 
5 1 14 0 0 
6 1 16 0 0 
7 1 17 0 0 
8 1 20 1 1 
9 1 21 1 1 
10 1 22 1 1 
11 1 26 1 1 
12 1 27 1 1 
13 1 28 1 1 
14 1 32 1 1 
15 1 34 1 1 
16 1 37 1 2 
17 1 39 1 2 
18 1 41 1 2 
19 1 43 1 2 
20 1 44 1 2 
21 1 48 1 2 
22 1 50 1 2 
23 1 51 1 2 
24 1 56 1 3 
25 1 57 1 3 
26 1 58 1 3 
27 1 62 1 3 
28 1 63 1 3 
29 1 64 1 3 
30 1 68 1 3 
31 1 70 1 3 
32 1 71 1 3 
33 1 74 1 4 
34 1 75 1 4 
35 1 76 1 4 
36 1 80 1 4 
37 1 81 1 4 
38 1 82 1 4 
39 1 86 1 4 
40 1 87 1 4 
41 1 88 1 4 
42 1 92 1 5 
43 1 93 1 5 
44 1 94 1 5 
45 1 96 1 5 
46 1 99 1 5 
47 1 100 1 5 
48 1 106 1 6 
49 1 107 1 6 
50 1 112 1 6 
51 1 113 1 6 
52 1 114 1 6 
53 1 117 1 6 
54 1 121 1 6 
55 2 5 0 0 
56 3 6 0 0 
57 3 8 0 0 
58 3 11 0 0 
59 3 14 0 0 
60 3 16 0 0 
61 3 17 0 0 
62 3 20 1 1 
63 3 21 1 1 
64 3 22 1 1 
65 3 26 1 1 
66 3 27 1 1 
67 3 28 1 1 
68 3 32 1 1 
69 3 34 1 1 
70 3 37 1 2 
71 3 39 1 2 
72 3 41 1 2 
73 3 43 1 2 
74 3 44 1 2 
75 3 48 1 2 
76 3 50 1 2 
77 3 51 1 2 
78 3 56 1 3 
79 3 57 1 3 
80 3 58 1 3 
81 3 62 1 3 
82 3 63 1 3 
83 3 64 1 3 
84 3 68 1 3 
85 3 70 1 3 
86 3 71 1 3 
87 3 74 1 4 
88 3 75 1 4 
89 3 76 1 4 
90 3 80 1 4 
91 3 81 1 4 
92 3 82 1 4 
93 3 86 1 4 
94 3 87 1 4 
95 3 88 1 4 
96 3 92 1 5 
97 3 93 1 5 
98 3 94 1 5 
99 3 96 1 5 
100 3 99 1 5 
101 3 100 1 5 
102 3 106 1 6 
103 3 107 1 6 
104 3 112 1 6 
105 3 113 1 6 
106 3 114 1 6 
107 3 117 1 6 
108 3 121 1 6 
109 4 7 0 0 
110 5 10 0 0 
111 6 9 0 0 
112 6 60 0 3 
113 7 8 0 0 
114 7 11 0 0 
115 7 14 0 0 
116 7 16 0 0 
117 7 17 0 0 
118 7 20 1 1 
119 7 21 1 1 
120 7 22 1 1 
121 7 26 1 1 
122 7 27 1 1 
123 7 28 1 1 
124 7 32 1 1 
125 7 34 1 1 
126 7 37 1 2 
127 7 39 1 2 
128 7 41 1 2 
129 7 43 1 2 
130 7 44 1 2 
131 7 48 1 2 
132 7 50 1 2 
133 7 51 1 2 
134 7 56 1 3 
135 7 57 1 3 
136 7 58 1 3 
137 7 62 1 3 
138 7 63 1 3 
139 7 64 1 3 
140 7 68 1 3 
141 7 70 1 3 
142 7 71 1 3 
143 7 74 1 4 
144 7 75 1 4 
145 7 76 1 4 
146 7 80 1 4 
147 7 81 1 4 
148 7 82 1 4 
149 7 86 1 4 
150 7 87 1 4 
151 7 88 1 4 
152 7 92 1 5 
153 7 93 1 5 
154 7 94 1 5 
155 7 96 1 5 
156 7 99 1 5 
157 7 100 1 5 
158 7 106 1 6 
159 7 107 1 6 
160 7 112 1 6 
161 7 113 1 6 
162 7 114 1 6 
163 7 117 1 6 
164 7 121 1 6 
165 8 12 0 0 
166 9 11 0 0 
167 9 14 0 0 
168 9 16 0 0 
169 9 17 0 0 
170 9 20 1 1 
171 9 21 1 1 
172 9 22 1 1 
173 9 26 1 1 
174 9 27 1 1 
175 9 28 1 1 
176 9 32 1 1 
177 9 34 1 1 
178 9 37 1 2 
179 9 39 1 2 
180 9 41 1 2 
181 9 43 1 2 
182 9 44 1 2 
183 9 48 1 2 
184 9 50 1 2 
185 9 51 1 2 
186 9 56 1 3 
187 9 57 1 3 
188 9 58 1 3 
189 9 62 1 3 
190 9 63 1 3 
191 9 64 1 3 
192 9 68 1 3 
193 9 70 1 3 
194 9 71 1 3 
195 9 74 1 4 
196 9 75 1 4 
197 9 76 1 4 
198 9 80 1 4 
199 9 81 1 4 
200 9 82 1 4 
201 9 86 1 4 
202 9 87 1 4 
203 9 88 1 4 
204 9 92 1 5 
205 9 93 1 5 
206 9 94 1 5 
207 9 96 1 5 
208 9 99 1 5 
209 9 100 1 5 
210 9 106 1 6 
211 9 107 1 6 
212 9 112 1 6 
213 9 113 1 6 
214 9 114 1 6 
215 9 117 1 6 
216 9 121 1 6 
217 10 14 0 0 
218 10 16 0 0 
219 10 17 0 0 
220 10 20 1 1 
221 10 21 1 1 
222 10 22 1 1 
223 10 26 1 1 
224 10 27 1 1 
225 10 28 1 1 
226 10 32 1 1 
227 10 34 1 1 
228 10 37 1 2 
229 10 39 1 2 
230 10 41 1 2 
231 10 43 1 2 
232 10 44 1 2 
233 10 48 1 2 
234 10 50 1 2 
235 10 51 1 2 
236 10 56 1 3 
237 10 57 1 3 
238 10 58 1 3 
239 10 62 1 3 
240 10 63 1 3 
241 10 64 1 3 
242 10 68 1 3 
243 10 70 1 3 
244 10 71 1 3 
245 10 74 1 4 
246 10 75 1 4 
247 10 76 1 4 
248 10 80 1 4 
249 10 81 1 4 
250 10 82 1 4 
251 10 86 1 4 
252 10 87 1 4 
253 10 88 1 4 
254 10 92 1 5 
255 10 93 1 5 
256 10 94 1 5 
257 10 96 1 5 
258 10 99 1 5 
259 10 100 1 5 
260 10 106 1 6 
261 10 107 1 6 
262 10 112 1 6 
263 10 113 1 6 
264 10 114 1 6 
265 10 117 1 6 
266 10 121 1 6 
267 11 13 0 0 
268 11 19 0 1 
269 11 36 0 2 
270 11 66 0 3 
271 11 72 0 4 
272 11 89 0 5 
273 12 16 0 0 
274 12 17 0 0 
275 12 20 1 1 
276 12 21 1 1 
277 12 22 1 1 
278 12 26 1 1 
279 12 27 1 1 
280 12 28 1 1 
281 12 32 1 1 
282 12 34 1 1 
283 12 37 1 2 
284 12 39 1 2 
285 12 41 1 2 
286 12 43 1 2 
287 12 44 1 2 
288 12 48 1 2 
289 12 50 1 2 
290 12 51 1 2 
291 12 56 1 3 
292 12 57 1 3 
293 12 58 1 3 
294 12 62 1 3 
295 12 63 1 3 
296 12 64 1 3 
297 12 68 1 3 
298 12 70 1 3 
299 12 71 1 3 
300 12 74 1 4 
301 12 75 1 4 
302 12 76 1 4 
303 12 80 1 4 
304 12 81 1 4 
305 12 82 1 4 
306 12 86 1 4 
307 12 87 1 4 
308 12 88 1 4 
309 12 92 1 5 
310 12 93 1 5 
311 12 94 1 5 
312 12 96 1 5 
313 12 99 1 5 
314 12 100 1 5 
315 12 106 1 6 
316 12 107 1 6 
317 12 112 1 6 
318 12 113 1 6 
319 12 114 1 6 
320 12 117 1 6 
321 12 121 1 6 
322 13 16 0 0 
323 13 17 0 0 
324 13 20 1 1 
325 13 21 1 1 
326 13 22 1 1 
327 13 26 1 1 
328 13 27 1 1 
329 13 28 1 1 
330 13 32 1 1 
331 13 34 1 1 
332 13 37 1 2 
333 13 39 1 2 
334 13 41 1 2 
335 13 43 1 2 
336 13 44 1 2 
337 13 48 1 2 
338 13 50 1 2 
339 13 51 1 2 
340 13 56 1 3 
341 13 57 1 3 
342 13 58 1 3 
343 13 62 1 3 
344 13 63 1 3 
345 13 64 1 3 
346 13 68 1 3 
347 13 70 1 3 
348 13 71 1 3 
349 13 74 1 4 
350 13 75 1 4 
351 13 76 1 4 
352 13 80 1 4 
353 13 81 1 4 
354 13 82 1 4 
355 13 86 1 4 
356 13 87 1 4 
357 13 88 1 4 
358 13 92 1 5 
359 13 93 1 5 
360 13 94 1 5 
361 13 96 1 5 
362 13 99 1 5 
363 13 100 1 5 
364 13 106 1 6 
365 13 107 1 6 
366 13 112 1 6 
367 13 113 1 6 
368 13 114 1 6 
369 13 117 1 6 
370 13 121 1 6 
371 14 15 0 0 
372 14 69 0 3 
373 14 120 0 6 
374 15 20 1 1 
375 15 21 1 1 
376 15 22 1 1 
377 15 26 1 1 
378 15 27 1 1 
379 15 28 1 1 
380 15 32 1 1 
381 15 34 1 1 
382 15 37 1 2 
383 15 39 1 2 
384 15 41 1 2 
385 15 43 1 2 
386 15 44 1 2 
387 15 48 1 2 
388 15 50 1 2 
389 15 51 1 2 
390 15 56 1 3 
391 15 57 1 3 
392 15 58 1 3 
393 15 62 1 3 
394 15 63 1 3 
395 15 64 1 3 
396 15 68 1 3 
397 15 70 1 3 
398 15 71 1 3 
399 15 74 1 4 
400 15 75 1 4 
401 15 76 1 4 
402 15 80 1 4 
403 15 81 1 4 
404 15 82 1 4 
405 15 86 1 4 
406 15 87 1 4 
407 15 88 1 4 
408 15 92 1 5 
409 15 93 1 5 
410 15 94 1 5 
411 15 96 1 5 
412 15 99 1 5 
413 15 100 1 5 
414 15 106 1 6 
415 15 107 1 6 
416 15 112 1 6 
417 15 113 1 6 
418 15 114 1 6 
419 15 117 1 6 
420 15 121 1 6 
421 16 19 0 1 
422 16 36 0 2 
423 16 66 0 3 
424 16 72 0 4 
425 16 89 0 5 
426 17 18 0 1 
427 17 25 0 1 
428 18 21 0 0 
429 18 22 0 0 
430 18 26 0 0 
431 18 27 0 0 
432 18 28 0 0 
433 18 32 0 0 
434 18 34 0 0 
435 18 37 1 1 
436 18 39 1 1 
437 18 41 1 1 
438 18 43 1 1 
439 18 44 1 1 
440 18 48 1 1 
441 18 50 1 1 
442 18 51 1 1 
443 18 56 1 2 
444 18 57 1 2 
445 18 58 1 2 
446 18 62 1 2 
447 18 63 1 2 
448 18 64 1 2 
449 18 68 1 2 
450 18 70 1 2 
451 18 71 1 2 
452 18 74 1 3 
453 18 75 1 3 
454 18 76 1 3 
455 18 80 1 3 
456 18 81 1 3 
457 18 82 1 3 
458 18 86 1 3 
459 18 87 1 3 
460 18 88 1 3 
461 18 92 1 4 
462 18 93 1 4 
463 18 94 1 4 
464 18 96 1 4 
465 18 99 1 4 
466 18 100 1 4 
467 18 106 1 5 
468 18 107 1 5 
469 18 112 1 5 
470 18 113 1 5 
471 18 114 1 5 
472 18 117 1 5 
473 18 121 1 5 
474 19 22 0 0 
475 19 26 0 0 
476 19 27 0 0 
477 19 28 0 0 
478 19 32 0 0 
479 19 34 0 0 
480 19 37 1 1 
481 19 39 1 1 
482 19 41 1 1 
483 19 43 1 1 
484 19 44 1 1 
485 19 48 1 1 
486 19 50 1 1 
487 19 51 1 1 
488 19 56 1 2 
489 19 57 1 2 
490 19 58 1 2 
491 19 62 1 2 
492 19 63 1 2 
493 19 64 1 2 
494 19 68 1 2 
495 19 70 1 2 
496 19 71 1 2 
497 19 74 1 3 
498 19 75 1 3 
499 19 76 1 3 
500 19 80 1 3 
501 19 81 1 3 
502 19 82 1 3 
503 19 86 1 3 
504 19 87 1 3 
505 19 88 1 3 
506 19 92 1 4 
507 19 93 1 4 
508 19 94 1 4 
509 19 96 1 4 
510 19 99 1 4 
511 19 100 1 4 
512 19 106 1 5 
513 19 107 1 5 
514 19 112 1 5 
515 19 113 1 5 
516 19 114 1 5 
517 19 117 1 5 
518 19 121 1 5 
519 20 23 0 0 
520 20 77 0 3 
521 21 25 0 0 
522 22 24 0 0 
523 22 42 0 1 
524 22 65 0 2 
525 22 78 0 3 
526 22 95 0 4 
527 22 102 0 4 
528 22 115 0 5 
529 23 28 0 0 
530 23 32 0 0 
531 23 34 0 0 
532 23 37 1 1 
533 23 39 1 1 
534 23 41 1 1 
535 23 43 1 1 
536 23 44 1 1 
537 23 48 1 1 
538 23 50 1 1 
539 23 51 1 1 
540 23 56 1 2 
541 23 57 1 2 
542 23 58 1 2 
543 23 62 1 2 
544 23 63 1 2 
545 23 64 1 2 
546 23 68 1 2 
547 23 70 1 2 
548 23 71 1 2 
549 23 74 1 3 
550 23 75 1 3 
551 23 76 1 3 
552 23 80 1 3 
553 23 81 1 3 
554 23 82 1 3 
555 23 86 1 3 
556 23 87 1 3 
557 23 88 1 3 
558 23 92 1 4 
559 23 93 1 4 
560 23 94 1 4 
561 23 96 1 4 
562 23 99 1 4 
563 23 100 1 4 
564 23 106 1 5 
565 23 107 1 5 
566 23 112 1 5 
567 23 113 1 5 
568 23 114 1 5 
569 23 117 1 5 
570 23 121 1 5 
571 24 26 0 0 
572 24 27 0 0 
573 24 28 0 0 
574 24 32 0 0 
575 24 34 0 0 
576 24 37 1 1 
577 24 39 1 1 
578 24 41 1 1 
579 24 43 1 1 
580 24 44 1 1 
581 24 48 1 1 
582 24 50 1 1 
583 24 51 1 1 
584 24 56 1 2 
585 24 57 1 2 
586 24 58 1 2 
587 24 62 1 2 
588 24 63 1 2 
589 24 64 1 2 
590 24 68 1 2 
591 24 70 1 2 
592 24 71 1 2 
593 24 74 1 3 
594 24 75 1 3 
595 24 76 1 3 
596 24 80 1 3 
597 24 81 1 3 
598 24 82 1 3 
599 24 86 1 3 
600 24 87 1 3 
601 24 88 1 3 
602 24 92 1 4 
603 24 93 1 4 
604 24 94 1 4 
605 24 96 1 4 
606 24 99 1 4 
607 24 100 1 4 
608 24 106 1 5 
609 24 107 1 5 
610 24 112 1 5 
611 24 113 1 5 
612 24 114 1 5 
613 24 117 1 5 
614 24 121 1 5 
615 25 27 0 0 
616 25 28 0 0 
617 25 32 0 0 
618 25 34 0 0 
619 25 37 1 1 
620 25 39 1 1 
621 25 41 1 1 
622 25 43 1 1 
623 25 44 1 1 
624 25 48 1 1 
625 25 50 1 1 
626 25 51 1 1 
627 25 56 1 2 
628 25 57 1 2 
629 25 58 1 2 
630 25 62 1 2 
631 25 63 1 2 
632 25 64 1 2 
633 25 68 1 2 
634 25 70 1 2 
635 25 71 1 2 
636 25 74 1 3 
637 25 75 1 3 
638 25 76 1 3 
639 25 80 1 3 
640 25 81 1 3 
641 25 82 1 3 
642 25 86 1 3 
643 25 87 1 3 
644 25 88 1 3 
645 25 92 1 4 
646 25 93 1 4 
647 25 94 1 4 
648 25 96 1 4 
649 25 99 1 4 
650 25 100 1 4 
651 25 106 1 5 
652 25 107 1 5 
653 25 112 1 5 
654 25 113 1 5 
655 25 114 1 5 
656 25 117 1 5 
657 25 121 1 5 
658 26 30 0 0 
659 27 29 0 0 
660 28 31 0 0 
661 29 32 0 0 
662 29 34 0 0 
663 29 37 1 1 
664 29 39 1 1 
665 29 41 1 1 
666 29 43 1 1 
667 29 44 1 1 
668 29 48 1 1 
669 29 50 1 1 
670 29 51 1 1 
671 29 56 1 2 
672 29 57 1 2 
673 29 58 1 2 
674 29 62 1 2 
675 29 63 1 2 
676 29 64 1 2 
677 29 68 1 2 
678 29 70 1 2 
679 29 71 1 2 
680 29 74 1 3 
681 29 75 1 3 
682 29 76 1 3 
683 29 80 1 3 
684 29 81 1 3 
685 29 82 1 3 
686 29 86 1 3 
687 29 87 1 3 
688 29 88 1 3 
689 29 92 1 4 
690 29 93 1 4 
691 29 94 1 4 
692 29 96 1 4 
693 29 99 1 4 
694 29 100 1 4 
695 29 106 1 5 
696 29 107 1 5 
697 29 112 1 5 
698 29 113 1 5 
699 29 114 1 5 
700 29 117 1 5 
701 29 121 1 5 
702 30 35 0 0 
703 31 34 0 0 
704 31 37 1 1 
705 31 39 1 1 
706 31 41 1 1 
707 31 43 1 1 
708 31 44 1 1 
709 31 48 1 1 
710 31 50 1 1 
711 31 51 1 1 
712 31 56 1 2 
713 31 57 1 2 
714 31 58 1 2 
715 31 62 1 2 
716 31 63 1 2 
717 31 64 1 2 
718 31 68 1 2 
719 31 70 1 2 
720 31 71 1 2 
721 31 74 1 3 
722 31 75 1 3 
723 31 76 1 3 
724 31 80 1 3 
725 31 81 1 3 
726 31 82 1 3 
727 31 86 1 3 
728 31 87 1 3 
729 31 88 1 3 
730 31 92 1 4 
731 31 93 1 4 
732 31 94 1 4 
733 31 96 1 4 
734 31 99 1 4 
735 31 100 1 4 
736 31 106 1 5 
737 31 107 1 5 
738 31 112 1 5 
739 31 113 1 5 
740 31 114 1 5 
741 31 117 1 5 
742 31 121 1 5 
743 32 33 0 0 
744 33 37 1 1 
745 33 39 1 1 
746 33 41 1 1 
747 33 43 1 1 
748 33 44 1 1 
749 33 48 1 1 
750 33 50 1 1 
751 33 51 1 1 
752 33 56 1 2 
753 33 57 1 2 
754 33 58 1 2 
755 33 62 1 2 
756 33 63 1 2 
757 33 64 1 2 
758 33 68 1 2 
759 33 70 1 2 
760 33 71 1 2 
761 33 74 1 3 
762 33 75 1 3 
763 33 76 1 3 
764 33 80 1 3 
765 33 81 1 3 
766 33 82 1 3 
767 33 86 1 3 
768 33 87 1 3 
769 33 88 1 3 
770 33 92 1 4 
771 33 93 1 4 
772 33 94 1 4 
773 33 96 1 4 
774 33 99 1 4 
775 33 100 1 4 
776 33 106 1 5 
777 33 107 1 5 
778 33 112 1 5 
779 33 113 1 5 
780 33 114 1 5 
781 33 117 1 5 
782 33 121 1 5 
783 34 38 0 1 
784 34 55 0 2 
785 34 91 0 4 
786 34 98 0 4 
787 35 36 0 1 
788 35 66 0 2 
789 35 72 0 3 
790 35 89 0 4 
791 36 39 0 0 
792 36 41 0 0 
793 36 43 0 0 
794 36 44 0 0 
795 36 48 0 0 
796 36 50 0 0 
797 36 51 0 0 
798 36 56 1 1 
799 36 57 1 1 
800 36 58 1 1 
801 36 62 1 1 
802 36 63 1 1 
803 36 64 1 1 
804 36 68 1 1 
805 36 70 1 1 
806 36 71 1 1 
807 36 74 1 2 
808 36 75 1 2 
809 36 76 1 2 
810 36 80 1 2 
811 36 81 1 2 
812 36 82 1 2 
813 36 86 1 2 
814 36 87 1 2 
815 36 88 1 2 
816 36 92 1 3 
817 36 93 1 3 
818 36 94 1 3 
819 36 96 1 3 
820 36 99 1 3 
821 36 100 1 3 
822 36 106 1 4 
823 36 107 1 4 
824 36 112 1 4 
825 36 113 1 4 
826 36 114 1 4 
827 36 117 1 4 
828 36 121 1 4 
829 37 40 0 0 
830 38 41 0 0 
831 38 43 0 0 
832 38 44 0 0 
833 38 48 0 0 
834 38 50 0 0 
835 38 51 0 0 
836 38 56 1 1 
837 38 57 1 1 
838 38 58 1 1 
839 38 62 1 1 
840 38 63 1 1 
841 38 64 1 1 
842 38 68 1 1 
843 38 70 1 1 
844 38 71 1 1 
845 38 74 1 2 
846 38 75 1 2 
847 38 76 1 2 
848 38 80 1 2 
849 38 81 1 2 
850 38 82 1 2 
851 38 86 1 2 
852 38 87 1 2 
853 38 88 1 2 
854 38 92 1 3 
855 38 93 1 3 
856 38 94 1 3 
857 38 96 1 3 
858 38 99 1 3 
859 38 100 1 3 
860 38 106 1 4 
861 38 107 1 4 
862 38 112 1 4 
863 38 113 1 4 
864 38 114 1 4 
865 38 117 1 4 
866 38 121 1 4 
867 39 42 0 0 
868 39 65 0 1 
869 39 78 0 2 
870 39 95 0 3 
871 39 102 0 3 
872 39 115 0 4 
873 40 43 0 0 
874 40 44 0 0 
875 40 48 0 0 
876 40 50 0 0 
877 40 51 0 0 
878 40 56 1 1 
879 40 57 1 1 
880 40 58 1 1 
881 40 62 1 1 
882 40 63 1 1 
883 40 64 1 1 
884 40 68 1 1 
885 40 70 1 1 
886 40 71 1 1 
887 40 74 1 2 
888 40 75 1 2 
889 40 76 1 2 
890 40 80 1 2 
891 40 81 1 2 
892 40 82 1 2 
893 40 86 1 2 
894 40 87 1 2 
895 40 88 1 2 
896 40 92 1 3 
897 40 93 1 3 
898 40 94 1 3 
899 40 96 1 3 
900 40 99 1 3 
901 40 100 1 3 
902 40 106 1 4 
903 40 107 1 4 
904 40 112 1 4 
905 40 113 1 4 
906 40 114 1 4 
907 40 117 1 4 
908 40 121 1 4 
909 41 45 0 0 
910 41 61 0 1 
911 41 116 0 4 
912 42 43 0 0 
913 42 44 0 0 
914 42 48 0 0 
915 42 50 0 0 
916 42 51 0 0 
917 42 56 1 1 
918 42 57 1 1 
919 42 58 1 1 
920 42 62 1 1 
921 42 63 1 1 
922 42 64 1 1 
923 42 68 1 1 
924 42 70 1 1 
925 42 71 1 1 
926 42 74 1 2 
927 42 75 1 2 
928 42 76 1 2 
929 42 80 1 2 
930 42 81 1 2 
931 42 82 1 2 
932 42 86 1 2 
933 42 87 1 2 
934 42 88 1 2 
935 42 92 1 3 
936 42 93 1 3 
937 42 94 1 3 
938 42 96 1 3 
939 42 99 1 3 
940 42 100 1 3 
941 42 106 1 4 
942 42 107 1 4 
943 42 112 1 4 
944 42 113 1 4 
945 42 114 1 4 
946 42 117 1 4 
947 42 121 1 4 
948 43 46 0 0 
949 44 47 0 0 
950 44 84 0 2 
951 45 48 0 0 
952 45 50 0 0 
953 45 51 0 0 
954 45 56 1 1 
955 45 57 1 1 
956 45 58 1 1 
957 45 62 1 1 
958 45 63 1 1 
959 45 64 1 1 
960 45 68 1 1 
961 45 70 1 1 
962 45 71 1 1 
963 45 74 1 2 
964 45 75 1 2 
965 45 76 1 2 
966 45 80 1 2 
967 45 81 1 2 
968 45 82 1 2 
969 45 86 1 2 
970 45 87 1 2 
971 45 88 1 2 
972 45 92 1 3 
973 45 93 1 3 
974 45 94 1 3 
975 45 96 1 3 
976 45 99 1 3 
977 45 100 1 3 
978 45 106 1 4 
979 45 107 1 4 
980 45 112 1 4 
981 45 113 1 4 
982 45 114 1 4 
983 45 117 1 4 
984 45 121 1 4 
985 46 52 0 0 
986 47 50 0 0 
987 47 51 0 0 
988 47 56 1 1 
989 47 57 1 1 
990 47 58 1 1 
991 47 62 1 1 
992 47 63 1 1 
993 47 64 1 1 
994 47 68 1 1 
995 47 70 1 1 
996 47 71 1 1 
997 47 74 1 2 
998 47 75 1 2 
999 47 76 1 2 
1000 47 80 1 2 
1001 47 81 1 2 
1002 47 82 1 2 
1003 47 86 1 2 
1004 47 87 1 2 
1005 47 88 1 2 
1006 47 92 1 3 
1007 47 93 1 3 
1008 47 94 1 3 
1009 47 96 1 3 
1010 47 99 1 3 
1011 47 100 1 3 
1012 47 106 1 4 
1013 47 107 1 4 
1014 47 112 1 4 
1015 47 113 1 4 
1016 47 114 1 4 
1017 47 117 1 4 
1018 47 121 1 4 
1019 48 49 0 0 
1020 48 67 0 1 
1021 49 50 0 0 
1022 49 51 0 0 
1023 49 56 1 1 
1024 49 57 1 1 
1025 49 58 1 1 
1026 49 62 1 1 
1027 49 63 1 1 
1028 49 64 1 1 
1029 49 68 1 1 
1030 49 70 1 1 
1031 49 71 1 1 
1032 49 74 1 2 
1033 49 75 1 2 
1034 49 76 1 2 
1035 49 80 1 2 
1036 49 81 1 2 
1037 49 82 1 2 
1038 49 86 1 2 
1039 49 87 1 2 
1040 49 88 1 2 
1041 49 92 1 3 
1042 49 93 1 3 
1043 49 94 1 3 
1044 49 96 1 3 
1045 49 99 1 3 
1046 49 100 1 3 
1047 49 106 1 4 
1048 49 107 1 4 
1049 49 112 1 4 
1050 49 113 1 4 
1051 49 114 1 4 
1052 49 117 1 4 
1053 49 121 1 4 
1054 50 54 0 1 
1055 50 97 0 3 
1056 51 55 0 1 
1057 51 91 0 3 
1058 51 98 0 3 
1059 52 53 0 1 
1060 52 73 0 2 
1061 53 56 0 0 
1062 53 57 0 0 
1063 53 58 0 0 
1064 53 62 0 0 
1065 53 63 0 0 
1066 53 64 0 0 
1067 53 68 0 0 
1068 53 70 0 0 
1069 53 71 0 0 
1070 53 74 1 1 
1071 53 75 1 1 
1072 53 76 1 1 
1073 53 80 1 1 
1074 53 81 1 1 
1075 53 82 1 1 
1076 53 86 1 1 
1077 53 87 1 1 
1078 53 88 1 1 
1079 53 92 1 2 
1080 53 93 1 2 
1081 53 94 1 2 
1082 53 96 1 2 
1083 53 99 1 2 
1084 53 100 1 2 
1085 53 106 1 3 
1086 53 107 1 3 
1087 53 112 1 3 
1088 53 113 1 3 
1089 53 114 1 3 
1090 53 117 1 3 
1091 53 121 1 3 
1092 54 57 0 0 
1093 54 58 0 0 
1094 54 62 0 0 
1095 54 63 0 0 
1096 54 64 0 0 
1097 54 68 0 0 
1098 54 70 0 0 
1099 54 71 0 0 
1100 54 74 1 1 
1101 54 75 1 1 
1102 54 76 1 1 
1103 54 80 1 1 
1104 54 81 1 1 
1105 54 82 1 1 
1106 54 86 1 1 
1107 54 87 1 1 
1108 54 88 1 1 
1109 54 92 1 2 
1110 54 93 1 2 
1111 54 94 1 2 
1112 54 96 1 2 
1113 54 99 1 2 
1114 54 100 1 2 
1115 54 106 1 3 
1116 54 107 1 3 
1117 54 112 1 3 
1118 54 113 1 3 
1119 54 114 1 3 
1120 54 117 1 3 
1121 54 121 1 3 
1122 55 58 0 0 
1123 55 62 0 0 
1124 55 63 0 0 
1125 55 64 0 0 
1126 55 68 0 0 
1127 55 70 0 0 
1128 55 71 0 0 
1129 55 74 1 1 
1130 55 75 1 1 
1131 55 76 1 1 
1132 55 80 1 1 
1133 55 81 1 1 
1134 55 82 1 1 
1135 55 86 1 1 
1136 55 87 1 1 
1137 55 88 1 1 
1138 55 92 1 2 
1139 55 93 1 2 
1140 55 94 1 2 
1141 55 96 1 2 
1142 55 99 1 2 
1143 55 100 1 2 
1144 55 106 1 3 
1145 55 107 1 3 
1146 55 112 1 3 
1147 55 113 1 3 
1148 55 114 1 3 
1149 55 117 1 3 
1150 55 121 1 3 
1151 56 59 0 0 
1152 56 79 0 1 
1153 56 109 0 3 
1154 56 118 0 3 
1155 57 60 0 0 
1156 58 61 0 0 
1157 58 116 0 3 
1158 59 62 0 0 
1159 59 63 0 0 
1160 59 64 0 0 
1161 59 68 0 0 
1162 59 70 0 0 
1163 59 71 0 0 
1164 59 74 1 1 
1165 59 75 1 1 
1166 59 76 1 1 
1167 59 80 1 1 
1168 59 81 1 1 
1169 59 82 1 1 
1170 59 86 1 1 
1171 59 87 1 1 
1172 59 88 1 1 
1173 59 92 1 2 
1174 59 93 1 2 
1175 59 94 1 2 
1176 59 96 1 2 
1177 59 99 1 2 
1178 59 100 1 2 
1179 59 106 1 3 
1180 59 107 1 3 
1181 59 112 1 3 
1182 59 113 1 3 
1183 59 114 1 3 
1184 59 117 1 3 
1185 59 121 1 3 
1186 60 63 0 0 
1187 60 64 0 0 
1188 60 68 0 0 
1189 60 70 0 0 
1190 60 71 0 0 
1191 60 74 1 1 
1192 60 75 1 1 
1193 60 76 1 1 
1194 60 80 1 1 
1195 60 81 1 1 
1196 60 82 1 1 
1197 60 86 1 1 
1198 60 87 1 1 
1199 60 88 1 1 
1200 60 92 1 2 
1201 60 93 1 2 
1202 60 94 1 2 
1203 60 96 1 2 
1204 60 99 1 2 
1205 60 100 1 2 
1206 60 106 1 3 
1207 60 107 1 3 
1208 60 112 1 3 
1209 60 113 1 3 
1210 60 114 1 3 
1211 60 117 1 3 
1212 60 121 1 3 
1213 61 64 0 0 
1214 61 68 0 0 
1215 61 70 0 0 
1216 61 71 0 0 
1217 61 74 1 1 
1218 61 75 1 1 
1219 61 76 1 1 
1220 61 80 1 1 
1221 61 81 1 1 
1222 61 82 1 1 
1223 61 86 1 1 
1224 61 87 1 1 
1225 61 88 1 1 
1226 61 92 1 2 
1227 61 93 1 2 
1228 61 94 1 2 
1229 61 96 1 2 
1230 61 99 1 2 
1231 61 100 1 2 
1232 61 106 1 3 
1233 61 107 1 3 
1234 61 112 1 3 
1235 61 113 1 3 
1236 61 114 1 3 
1237 61 117 1 3 
1238 61 121 1 3 
1239 62 65 0 0 
1240 62 78 0 1 
1241 62 95 0 2 
1242 62 102 0 2 
1243 62 115 0 3 
1244 63 66 0 0 
1245 63 72 0 1 
1246 63 89 0 2 
1247 64 67 0 0 
1248 65 68 0 0 
1249 65 70 0 0 
1250 65 71 0 0 
1251 65 74 1 1 
1252 65 75 1 1 
1253 65 76 1 1 
1254 65 80 1 1 
1255 65 81 1 1 
1256 65 82 1 1 
1257 65 86 1 1 
1258 65 87 1 1 
1259 65 88 1 1 
1260 65 92 1 2 
1261 65 93 1 2 
1262 65 94 1 2 
1263 65 96 1 2 
1264 65 99 1 2 
1265 65 100 1 2 
1266 65 106 1 3 
1267 65 107 1 3 
1268 65 112 1 3 
1269 65 113 1 3 
1270 65 114 1 3 
1271 65 117 1 3 
1272 65 121 1 3 
1273 66 70 0 0 
1274 66 71 0 0 
1275 66 74 1 1 
1276 66 75 1 1 
1277 66 76 1 1 
1278 66 80 1 1 
1279 66 81 1 1 
1280 66 82 1 1 
1281 66 86 1 1 
1282 66 87 1 1 
1283 66 88 1 1 
1284 66 92 1 2 
1285 66 93 1 2 
1286 66 94 1 2 
1287 66 96 1 2 
1288 66 99 1 2 
1289 66 100 1 2 
1290 66 106 1 3 
1291 66 107 1 3 
1292 66 112 1 3 
1293 66 113 1 3 
1294 66 114 1 3 
1295 66 117 1 3 
1296 66 121 1 3 
1297 67 70 0 0 
1298 67 71 0 0 
1299 67 74 1 1 
1300 67 75 1 1 
1301 67 76 1 1 
1302 67 80 1 1 
1303 67 81 1 1 
1304 67 82 1 1 
1305 67 86 1 1 
1306 67 87 1 1 
1307 67 88 1 1 
1308 67 92 1 2 
1309 67 93 1 2 
1310 67 94 1 2 
1311 67 96 1 2 
1312 67 99 1 2 
1313 67 100 1 2 
1314 67 106 1 3 
1315 67 107 1 3 
1316 67 112 1 3 
1317 67 113 1 3 
1318 67 114 1 3 
1319 67 117 1 3 
1320 67 121 1 3 
1321 68 69 0 0 
1322 68 120 0 3 
1323 69 74 1 1 
1324 69 75 1 1 
1325 69 76 1 1 
1326 69 80 1 1 
1327 69 81 1 1 
1328 69 82 1 1 
1329 69 86 1 1 
1330 69 87 1 1 
1331 69 88 1 1 
1332 69 92 1 2 
1333 69 93 1 2 
1334 69 94 1 2 
1335 69 96 1 2 
1336 69 99 1 2 
1337 69 100 1 2 
1338 69 106 1 3 
1339 69 107 1 3 
1340 69 112 1 3 
1341 69 113 1 3 
1342 69 114 1 3 
1343 69 117 1 3 
1344 69 121 1 3 
1345 70 72 0 1 
1346 70 89 0 2 
1347 71 73 0 1 
1348 72 75 0 0 
1349 72 76 0 0 
1350 72 80 0 0 
1351 72 81 0 0 
1352 72 82 0 0 
1353 72 86 0 0 
1354 72 87 0 0 
1355 72 88 0 0 
1356 72 92 1 1 
1357 72 93 1 1 
1358 72 94 1 1 
1359 72 96 1 1 
1360 72 99 1 1 
1361 72 100 1 1 
1362 72 106 1 2 
1363 72 107 1 2 
1364 72 112 1 2 
1365 72 113 1 2 
1366 72 114 1 2 
1367 72 117 1 2 
1368 72 121 1 2 
1369 73 76 0 0 
1370 73 80 0 0 
1371 73 81 0 0 
1372 73 82 0 0 
1373 73 86 0 0 
1374 73 87 0 0 
1375 73 88 0 0 
1376 73 92 1 1 
1377 73 93 1 1 
1378 73 94 1 1 
1379 73 96 1 1 
1380 73 99 1 1 
1381 73 100 1 1 
1382 73 106 1 2 
1383 73 107 1 2 
1384 73 112 1 2 
1385 73 113 1 2 
1386 73 114 1 2 
1387 73 117 1 2 
1388 73 121 1 2 
1389 74 77 0 0 
1390 75 78 0 0 
1391 75 95 0 1 
1392 75 102 0 1 
1393 75 115 0 2 
1394 76 79 0 0 
1395 76 109 0 2 
1396 76 118 0 2 
1397 77 81 0 0 
1398 77 82 0 0 
1399 77 86 0 0 
1400 77 87 0 0 
1401 77 88 0 0 
1402 77 92 1 1 
1403 77 93 1 1 
1404 77 94 1 1 
1405 77 96 1 1 
1406 77 99 1 1 
1407 77 100 1 1 
1408 77 106 1 2 
1409 77 107 1 2 
1410 77 112 1 2 
1411 77 113 1 2 
1412 77 114 1 2 
1413 77 117 1 2 
1414 77 121 1 2 
1415 78 80 0 0 
1416 78 81 0 0 
1417 78 82 0 0 
1418 78 86 0 0 
1419 78 87 0 0 
1420 78 88 0 0 
1421 78 92 1 1 
1422 78 93 1 1 
1423 78 94 1 1 
1424 78 96 1 1 
1425 78 99 1 1 
1426 78 100 1 1 
1427 78 106 1 2 
1428 78 107 1 2 
1429 78 112 1 2 
1430 78 113 1 2 
1431 78 114 1 2 
1432 78 117 1 2 
1433 78 121 1 2 
1434 79 82 0 0 
1435 79 86 0 0 
1436 79 87 0 0 
1437 79 88 0 0 
1438 79 92 1 1 
1439 79 93 1 1 
1440 79 94 1 1 
1441 79 96 1 1 
1442 79 99 1 1 
1443 79 100 1 1 
1444 79 106 1 2 
1445 79 107 1 2 
1446 79 112 1 2 
1447 79 113 1 2 
1448 79 114 1 2 
1449 79 117 1 2 
1450 79 121 1 2 
1451 80 83 0 0 
1452 81 84 0 0 
1453 82 85 0 0 
1454 83 86 0 0 
1455 83 87 0 0 
1456 83 88 0 0 
1457 83 92 1 1 
1458 83 93 1 1 
1459 83 94 1 1 
1460 83 96 1 1 
1461 83 99 1 1 
1462 83 100 1 1 
1463 83 106 1 2 
1464 83 107 1 2 
1465 83 112 1 2 
1466 83 113 1 2 
1467 83 114 1 2 
1468 83 117 1 2 
1469 83 121 1 2 
1470 84 86 0 0 
1471 84 87 0 0 
1472 84 88 0 0 
1473 84 92 1 1 
1474 84 93 1 1 
1475 84 94 1 1 
1476 84 96 1 1 
1477 84 99 1 1 
1478 84 100 1 1 
1479 84 106 1 2 
1480 84 107 1 2 
1481 84 112 1 2 
1482 84 113 1 2 
1483 84 114 1 2 
1484 84 117 1 2 
1485 84 121 1 2 
1486 85 86 0 0 
1487 85 87 0 0 
1488 85 88 0 0 
1489 85 92 1 1 
1490 85 93 1 1 
1491 85 94 1 1 
1492 85 96 1 1 
1493 85 99 1 1 
1494 85 100 1 1 
1495 85 106 1 2 
1496 85 107 1 2 
1497 85 112 1 2 
1498 85 113 1 2 
1499 85 114 1 2 
1500 85 117 1 2 
1501 85 121 1 2 
1502 86 91 0 1 
1503 86 98 0 1 
1504 87 90 0 1 
1505 87 105 0 2 
1506 88 89 0 1 
1507 89 92 0 0 
1508 89 93 0 0 
1509 89 94 0 0 
1510 89 96 0 0 
1511 89 99 0 0 
1512 89 100 0 0 
1513 89 106 1 1 
1514 89 107 1 1 
1515 89 112 1 1 
1516 89 113 1 1 
1517 89 114 1 1 
1518 89 117 1 1 
1519 89 121 1 1 
1520 90 93 0 0 
1521 90 94 0 0 
1522 90 96 0 0 
1523 90 99 0 0 
1524 90 100 0 0 
1525 90 106 1 1 
1526 90 107 1 1 
1527 90 112 1 1 
1528 90 113 1 1 
1529 90 114 1 1 
1530 90 117 1 1 
1531 90 121 1 1 
1532 91 94 0 0 
1533 91 96 0 0 
1534 91 99 0 0 
1535 91 100 0 0 
1536 91 106 1 1 
1537 91 107 1 1 
1538 91 112 1 1 
1539 91 113 1 1 
1540 91 114 1 1 
1541 91 117 1 1 
1542 91 121 1 1 
1543 92 95 0 0 
1544 92 102 0 0 
1545 92 115 0 1 
1546 93 97 0 0 
1547 94 98 0 0 
1548 95 96 0 0 
1549 95 99 0 0 
1550 95 100 0 0 
1551 95 106 1 1 
1552 95 107 1 1 
1553 95 112 1 1 
1554 95 113 1 1 
1555 95 114 1 1 
1556 95 117 1 1 
1557 95 121 1 1 
1558 96 101 0 0 
1559 97 100 0 0 
1560 97 106 1 1 
1561 97 107 1 1 
1562 97 112 1 1 
1563 97 113 1 1 
1564 97 114 1 1 
1565 97 117 1 1 
1566 97 121 1 1 
1567 98 99 0 0 
1568 98 100 0 0 
1569 98 106 1 1 
1570 98 107 1 1 
1571 98 112 1 1 
1572 98 113 1 1 
1573 98 114 1 1 
1574 98 117 1 1 
1575 98 121 1 1 
1576 99 103 0 0 
1577 100 102 0 0 
1578 100 115 0 1 
1579 101 106 1 1 
1580 101 107 1 1 
1581 101 112 1 1 
1582 101 113 1 1 
1583 101 114 1 1 
1584 101 117 1 1 
1585 101 121 1 1 
1586 102 104 0 0 
1587 103 106 1 1 
1588 103 107 1 1 
1589 103 112 1 1 
1590 103 113 1 1 
1591 103 114 1 1 
1592 103 117 1 1 
1593 103 121 1 1 
1594 104 105 0 1 
1595 105 108 0 0 
1596 106 109 0 0 
1597 106 118 0 0 
1598 107 110 0 0 
1599 108 111 0 0 
1600 109 112 0 0 
1601 109 113 0 0 
1602 109 114 0 0 
1603 109 117 0 0 
1604 109 121 0 0 
1605 110 113 0 0 
1606 110 114 0 0 
1607 110 117 0 0 
1608 110 121 0 0 
1609 111 113 0 0 
1610 111 114 0 0 
1611 111 117 0 0 
1612 111 121 0 0 
1613 112 116 0 0 
1614 113 115 0 0 
1615 114 118 0 0 
1616 115 117 0 0 
1617 115 121 0 0 
1618 116 119 0 0 
1619 117 120 0 0 
1620 118 121 0 0 
1621 120 121 0 0 
